function x = nolightarray()
x = [
10848	
13229	
15032	
16100	
11959	
10521	
16789	
14646	
17071	
10799	
12615	
20119	
14918	
11883	
17874	
19812	
21396	
11343	
15887	
19087	
21159	
16740	
10486	
19300	
17886	
21614	
13273	
13774	
17302	
18646	
16577	
10631	
16706	
19800	
20605	
13268	
15535	
15677	
19595	
18536	
9607	
16973	
20043	
17671	
13427	
11705	
17663	
20505	
18814	
13272	
15475	
18319	
19625	
13651	
10176	
16193	
19699	
20924	
11680	
14402	
19182	
20933	
16430	
11334	
15454	
18551	
20259	
14805	
13605	
19164	
21068	
18743	
12445	
18732	
18716	
20206	
13113	
13854	
18517	
19268	
21965	
11573	
17470	
18724	
20079	
14644	
12302	
18618	
19125	
19973	
11216	
14959	
18943	
21260	
12868	
10733	
18122	
22813	
20075	
12056	
17171	
19558	
18231	
16951	
10527	
17319	
19629	
19882	
13486	
12294	
18462	
19721	
19060	
11414	
15402	
18899	
19929	
13703	
13210	
19141	
19871	
18710	
13057	
16579	
18634	
22131	
14996	
12355	
16897	
17226	
19423	
12037	
15827	
16576	
20222	
13882	
18973	
19980	
16622	
13012	
17740	
21281	
21208	
11303	
16207	
18491	
18947	
13383	
10475	
17435	
18263	
19348	
12366	
16616	
18162	
19413	
13365	
10445	
16716	
17679	
19754	
15661	
13621	
19518	
20816	
21696	
13100	
14249	
20982	
18454	
13747	
13162	
16910	
20932	
22161	
11011	
18877	
18390	
20013	
15740	
11025	
15249	
18811	
17493	
11775	
15141	
18833	
21946	
15707	
10907	
17412	
21511	
21612	
11623	
11753	
14922	
20320	
19395	
10657	
15589	
16688	
22189	
12522	
12959	
19333	
19155	
19573	
11173	
13812	
19114	
18009	
13752	
12692	
15820	
19958	
20145	
12490	
15814	
19900	
20551	
13858	
10357	
15894	
21302	
18291	
12859	
14155	
16854	
20838	
19350	
10175	
14811	
18832	
21580	
13193	
11693	
17456	
18252	
19071	
10165	
15055	
18426	
17462	
15683	
12748	
17388	
22288	
20410	
12275	
13516	
16351	
21103	
17332	
9458	
17984	
21419	
18867	
13230	
13427	
17849	
21696	
13186	
13499	
18925	
18774	
17153	
12366	
17607	
20879	
21908	
14318	
11369	
19285	
20349	
19958	
9813	
18350	
16117	
22077	
12576	
12659	
16683	
20127	
19359	
13426	
14867	
20736	
21956	
17655	
12137	
20145	
20085	
22353	
12170	
16832	
17440	
18375	
15593	
8736	
17036	
21508	
21730	
12553	
15547	
15066	
20269	
18514	
14550	
17227	
18009	
22252	
13113	
10395	
16573	
19608	
20781	
13332	
15097	
19186	
19309	
14723	
10760	
16922	
18127	
19452	
10708	
14630	
18071	
19980	
19765	
9714	
16078	
16828	
23269	
12095	
12543	
18218	
20439	
22488	
12323	
15737	
18434	
20214	
13744	
12007	
17775	
19828	
21869	
10197	
16308	
18026	
18686	
15441	
12637	
17792	
17050	
22265	
12519	
11964	
19576	
18101	
16145	
11906	
18392	
19707	
20205	
12424	
11796	
18637	
18433	
19082	
10816	
16243	
20198	
20959	
13887	
12606	
17276	
18294	
20099	
11900	
15638	
16858	
16883	
17151	
8653	
17819	
17913	
18101	
12351	
11758	
17781	
17463	
20034	
10389	
15481	
17179	
19200	
14505	
12569	
16561	
17272	
20614	
12029	
13228	
18392	
18784	
15082	
11364	
13576	
18078	
20303	
10918	
13575	
17310	
17617	
20025	
10033	
15463	
17208	
19019	
13912	
10480	
21189	
18283	
17742	
11089	
15141	
19596	
18628	
18657	
11022	
17589	
17940	
20155	
12045	
14949	
20941	
18515	
16499	
9956	
19383	
19689	
19741	
10675	
12598	
18695	
20747	
20923	
12263	
14184	
17541	
21136	
13729	
11116	
18821	
20236	
21000	
10495	
15098	
17815	
18138	
16441	
10657	
16405	
20908	
19261	
11994	
13188	
16924	
17360	
20440	
9828	
13600	
19503	
17362	
13722	
8873	
17180	
18588	
21262	
11668	
14825	
19521	
19489	
13913	
10583	
15407	
17421	
19693	
11431	
14561	
17698	
18595	
18874	
10704	
16920	
17546	
20121	
11945	
11436	
15174	
18909	
19510	
12174	
15309	
19080	
17701	
19467	
10779	
17491	
18721	
21686	
11294	
10778	
16422	
17381	
18907	
12825	
17072	
18038	
19123	
16961	
11425	
13547	
18142	
17039	
12837	
14850	
17598	
17713	
15763	
8653	
18044	
14785	
21229	
10683	
11366	
19621	
19714	
20395	
10450	
17348	
18324	
18875	
14123	
12314	
17950	
18779	
17682	
12163	
14882	
15031	
19062	
12882	
10507	
14394	
18924	
19534	
12898	
12370	
21086	
19760	
18181	
10514	
16610	
18672	
21235	
13227	
12946	
15014	
20987	
21079	
12110	
14932	
20816	
18996	
13890	
9970	
17589	
19107	
20263	
11112	
13204	
18218	
18735	
15479	
10147	
15618	
18679	
20077	
12016	
14253	
16878	
17387	
16055	
10952	
17523	
18080	
19492	
12170	
10708	
16248	
18216	
22935	
10128	
18233	
15721	
20633	
14541	
12303	
18009	
17760	
18413	
10805	
14342	
17576	
18305	
17436	
12377	
18127	
18300	
18992	
13319	
11500	
16327	
19499	
19478	
20755	
9850	
15109	
17384	
18577	
12197	
10567	
18026	
19409	
20230	
12563	
16209	
16829	
17585	
12649	
10829	
18815	
17446	
19921	
11242	
11157	
18281	
19485	
15516	
12212	
18096	
18826	
18738	
13108	
13315	
17017	
17885	
19502	
10801	
15615	
18479	
19480	
13174	
9228	
18296	
18615	
18639	
13272	
14724	
16523	
21208	
10805	
9479	
14540	
17461	
20583	
12583	
12829	
16613	
19987	
13475	
11151	
15435	
19024	
17959	
11730	
11790	
15482	
20014	
16583	
9898	
16069	
17247	
19798	
12476	
11218	
17109	
18734	
19066	
9740	
16447	
18943	
19408	
13977	
10173	
16565	
16589	
19349	
11728	
15932	
17107	
17285	
17139	
10083	
16061	
16304	
16950	
11333	
11009	
15527	
18509	
18902	
12788	
13394	
18783	
20280	
13179	
11356	
17408	
19307	
20181	
11093	
13830	
16385	
17525	
13410	
9149	
15860	
17113	
18333	
12975	
11360	
16616	
20537	
16520	
10466	
12702	
19745	
12294	
15667	
19188	
16721	
11265	
17335	
15216	
18367	
10804	
8353	
13261	
16579	
18320	
12799	
13480	
18713	
18074	
15515	
10598	
16886	
19197	
18411	
11506	
11077	
15381	
19000	
17203	
8666	
14624	
18908	
19907	
11798	
11922	
20372	
18102	
19462	
13325	
13443	
16145	
21063	
12220	
8853	
15760	
17949	
17082	
7914	
14970	
17973	
19011	
14098	
11060	
17375	
16686	
18317	
11880	
12312	
14798	
17526	
18005	
11470	
15580	
19522	
20859	
11600	
12374	
15452	
17763	
18274	
9938	
15332	
16538	
18350	
12377	
12088	
15696	
17768	
15826	
9558	
12672	
15467	
18818	
15063	
10999	
14507	
17914	
20941	
13338	
10926	
14883	
18521	
19173	
8748	
15275	
17656	
19714	
13513	
9555	
15413	
16049	
19326	
11055	
13470	
17396	
16942	
12561	
9962	
14920	
18016	
16955	
12675	
13200	
15574	
19181	
16987	
10374	
14728	
18451	
20572	
11490	
9400	
16104	
18957	
19134	
11537	
14783	
18155	
18644	
18438	
12609	
12521	
13991	
18400	
16690	
11773	
16519	
17396	
19096	
13884	
11583	
16293	
17019	
17042	
11162	
15943	
15260	
18530	
12626	
11106	
15300	
17108	
18255	
11072	
13393	
17955	
18338	
13315	
9895	
16660	
20632	
18039	
11514	
12531	
17025	
15476	
17971	
8078	
16038	
14923	
18007	
11352	
11034	
16977	
17872	
18303	
8418	
14531	
17453	
];
endfunction
